0.000000000000000000e+00 2.999999999999999889e-01
9.900990099009901110e-03 3.364682495594024658e-01
1.980198019801980222e-02 3.594297170639038086e-01
2.970297029702970160e-02 3.918459415435791016e-01
3.960396039603960444e-02 4.053526818752288818e-01
4.950495049504950729e-02 4.188594520092010498e-01
5.940594059405940319e-02 4.418209195137023926e-01
6.930693069306931298e-02 4.539769887924194336e-01
7.920792079207920888e-02 4.647824168205261230e-01
8.910891089108910479e-02 4.755878150463104248e-01
9.900990099009901457e-02 4.863932132720947266e-01
1.089108910891089105e-01 4.971986413002014160e-01
1.188118811881188064e-01 5.080040097236633301e-01
1.287128712871287162e-01 5.188094377517700195e-01
1.386138613861386260e-01 5.296148657798767090e-01
1.485148514851485080e-01 5.404202342033386230e-01
1.584158415841584178e-01 5.525763034820556641e-01
1.683168316831683275e-01 5.633816719055175781e-01
1.782178217821782096e-01 5.755378007888793945e-01
1.881188118811881194e-01 5.876938700675964355e-01
1.980198019801980291e-01 5.998499393463134766e-01
2.079207920792079112e-01 6.120060682296752930e-01
2.178217821782178210e-01 6.255127787590026855e-01
2.277227722772277307e-01 6.390195488929748535e-01
2.376237623762376128e-01 6.525262594223022461e-01
2.475247524752475226e-01 6.660330891609191895e-01
2.574257425742574323e-01 6.808904409408569336e-01
2.673267326732673421e-01 6.957479119300842285e-01
2.772277227722772519e-01 7.106053233146667480e-01
2.871287128712871062e-01 7.254627943038940430e-01
2.970297029702970160e-01 7.403202056884765625e-01
3.069306930693069257e-01 7.565282583236694336e-01
3.168316831683168355e-01 7.727363705635070801e-01
3.267326732673267453e-01 7.889444828033447266e-01
3.366336633663366551e-01 8.051525950431823730e-01
3.465346534653465649e-01 8.213607072830200195e-01
3.564356435643564192e-01 8.389195203781127930e-01
3.663366336633663289e-01 8.551276326179504395e-01
3.762376237623762387e-01 8.726863861083984375e-01
3.861386138613861485e-01 8.902451395988464355e-01
3.960396039603960583e-01 9.078039526939392090e-01
4.059405940594059681e-01 9.253627657890319824e-01
4.158415841584158223e-01 9.429215192794799805e-01
4.257425742574257321e-01 9.604802727699279785e-01
4.356435643564356419e-01 9.793897271156311035e-01
4.455445544554455517e-01 9.969484806060791016e-01
4.554455445544554615e-01 1.015857934951782227e+00
4.653465346534653713e-01 1.034767389297485352e+00
4.752475247524752255e-01 1.053676843643188477e+00
4.851485148514851353e-01 1.072586297988891602e+00
4.950495049504950451e-01 1.091495752334594727e+00
5.049504950495049549e-01 1.110405206680297852e+00
5.148514851485148647e-01 1.129314661026000977e+00
5.247524752475247745e-01 1.148224115371704102e+00
5.346534653465346842e-01 1.168484330177307129e+00
5.445544554455445940e-01 1.187393784523010254e+00
5.544554455445545038e-01 1.207653999328613281e+00
5.643564356435644136e-01 1.227913975715637207e+00
5.742574257425742124e-01 1.248174190521240234e+00
5.841584158415841221e-01 1.268434286117553711e+00
5.940594059405940319e-01 1.290045022964477539e+00
6.039603960396039417e-01 1.310305118560791016e+00
6.138613861386138515e-01 1.331916093826293945e+00
6.237623762376237613e-01 1.352176189422607422e+00
6.336633663366336711e-01 1.373786926269531250e+00
6.435643564356435808e-01 1.415657758712768555e+00
6.534653465346534906e-01 1.437268733978271484e+00
6.633663366336634004e-01 1.458879470825195312e+00
6.732673267326733102e-01 1.502101182937622070e+00
6.831683168316832200e-01 1.523711919784545898e+00
6.930693069306931298e-01 1.546673536300659180e+00
7.029702970297029285e-01 1.591245651245117188e+00
7.128712871287128383e-01 1.614207267761230469e+00
7.227722772277227481e-01 1.637168645858764648e+00
7.326732673267326579e-01 1.683091402053833008e+00
7.425742574257425677e-01 1.730365037918090820e+00
7.524752475247524774e-01 1.777638912200927734e+00
7.623762376237623872e-01 1.826263189315795898e+00
7.722772277227722970e-01 1.850575208663940430e+00
7.821782178217822068e-01 1.876238107681274414e+00
7.920792079207921166e-01 1.926213026046752930e+00
8.019801980198020264e-01 1.976188182830810547e+00
8.118811881188119361e-01 2.027513742446899414e+00
8.217821782178218459e-01 2.053176641464233398e+00
8.316831683168316447e-01 2.080190181732177734e+00
8.415841584158415545e-01 2.132866382598876953e+00
8.514851485148514643e-01 2.159879922866821289e+00
8.613861386138613740e-01 2.186893463134765625e+00
8.712871287128712838e-01 2.240920543670654297e+00
8.811881188118811936e-01 2.294947385787963867e+00
8.910891089108911034e-01 2.350325107574462891e+00
9.009900990099010132e-01 2.405702829360961914e+00
9.108910891089109230e-01 2.462431192398071289e+00
9.207920792079208328e-01 2.519159555435180664e+00
9.306930693069307425e-01 2.577238559722900391e+00
9.405940594059406523e-01 2.635317564010620117e+00
9.504950495049504511e-01 2.694747447967529297e+00
9.603960396039603609e-01 2.754177093505859375e+00
9.702970297029702706e-01 2.814957618713378906e+00
9.801980198019801804e-01 2.875737905502319336e+00
9.900990099009900902e-01 2.937868833541870117e+00
1.000000000000000000e+00 3.000000000000000000e+00
